0 0.471875 0.421875 0.03984375 0.07890625
0 0.4875 0.609375 0.0453125 0.265625
0 0.4609375 0.821875 0.00625 0.0078125
0 0.46015625 0.80859375 0.00546875 0.0109375
0 0.48203125 0.8375 0.00546875 0.01171875
0 0.48125 0.8234375 0.00546875 0.00859375
0 0.4984375 0.9234375 0.0046875 0.00859375
0 0.4984375 0.909375 0.00546875 0.009375
0 0.4984375 0.89375 0.00625 0.01015625
0 0.4984375 0.8796875 0.0078125 0.00859375
0 0.4984375 0.865625 0.00546875 0.01015625
0 0.4984375 0.85078125 0.0078125 0.0109375
0 0.4984375 0.83671875 0.00625 0.01015625
0 0.49921875 0.82265625 0.00625 0.0109375
0 0.5 0.80703125 0.00390625 0.009375
0 0.4609375 0.79296875 0.00625 0.009375
0 0.51875 0.8328125 0.0046875 0.0078125
0 0.51953125 0.89375 0.0046875 0.01171875
0 0.51875 0.87890625 0.0046875 0.00859375
0 0.51953125 0.91953125 0.003125 0.00859375
0 0.51875 0.90546875 0.0046875 0.009375
1 0.5328125 0.7109375 0.059375 0.06640625
1 0.4484375 0.70234375 0.040625 0.08125
1 0.49921875 0.2640625 0.11328125 0.2359375
1 0.51953125 0.43046875 0.0515625 0.090625
1 0.51640625 0.515625 0.03515625 0.0703125
1 0.471875 0.475 0.03828125 0.02734375