0 0.47578125 0.55234375 0.1078125 0.38125
0 0.4109375 0.8125 0.00625 0.0078125
0 0.41328125 0.7984375 0.0109375 0.0125
0 0.4296875 0.83046875 0.0078125 0.0109375
0 0.43125 0.81484375 0.009375 0.0109375
0 0.43203125 0.9171875 0.0078125 0.009375
0 0.434375 0.90234375 0.009375 0.0109375
0 0.4375 0.8890625 0.0109375 0.0125
0 0.43828125 0.875 0.0078125 0.0109375
0 0.44140625 0.8609375 0.009375 0.015625
0 0.44375 0.84609375 0.009375 0.0125
0 0.446875 0.8328125 0.009375 0.0125
0 0.4484375 0.81796875 0.009375 0.0140625
0 0.45 0.80390625 0.009375 0.0109375
0 0.45390625 0.91796875 0.0046875 0.009375
0 0.45625 0.90390625 0.0046875 0.0078125
0 0.4578125 0.890625 0.0046875 0.009375
1 0.5359375 0.2453125 0.16875 0.2609375
1 0.5921875 0.4421875 0.1890625 0.3015625
1 0.45703125 0.4921875 0.0671875 0.190625
1 0.4953125 0.70234375 0.0546875 0.0953125
1 0.41953125 0.69375 0.0390625 0.0796875