0 0.51953125 0.55390625 0.075 0.38125
0 0.56171875 0.81953125 0.00625 0.0078125
0 0.56015625 0.80546875 0.009375 0.0109375
0 0.54140625 0.83515625 0.0078125 0.009375
0 0.54140625 0.81953125 0.0078125 0.0109375
0 0.53125 0.921875 0.00625 0.009375
0 0.5296875 0.90703125 0.0078125 0.009375
0 0.528125 0.89296875 0.0109375 0.0125
0 0.52890625 0.87890625 0.00625 0.009375
0 0.52734375 0.86484375 0.0078125 0.0140625
0 0.52578125 0.85 0.009375 0.0125
0 0.52421875 0.8359375 0.009375 0.0125
0 0.52421875 0.82109375 0.009375 0.0140625
0 0.52265625 0.80703125 0.0078125 0.0109375
0 0.51015625 0.9203125 0.0046875 0.009375
0 0.50859375 0.90546875 0.003125 0.0078125
0 0.5078125 0.89296875 0.003125 0.009375
1 0.48671875 0.24296875 0.15 0.253125
1 0.41328125 0.434375 0.165625 0.2921875
1 0.54375 0.49609375 0.0515625 0.1890625
1 0.48671875 0.70234375 0.046875 0.0921875
1 0.56328125 0.7 0.0328125 0.078125