0 0.48046875 0.91953125 0.0046875 0.01015625
0 0.5015625 0.921875 0.0046875 0.0078125
0 0.5015625 0.90859375 0.00625 0.009375
0 0.5015625 0.8953125 0.00625 0.0078125
0 0.48125 0.878125 0.00390625 0.00703125
0 0.5015625 0.8796875 0.00703125 0.00859375
0 0.5015625 0.86640625 0.00625 0.01171875
0 0.5015625 0.8515625 0.00703125 0.0109375
0 0.5015625 0.83671875 0.00703125 0.0109375
0 0.48046875 0.83359375 0.0046875 0.009375
0 0.50078125 0.821875 0.00703125 0.01015625
0 0.51875 0.85234375 0.00703125 0.01015625
0 0.51796875 0.8375 0.00546875 0.0078125
0 0.51796875 0.821875 0.00625 0.009375
0 0.5390625 0.821875 0.00546875 0.00703125
0 0.5390625 0.8078125 0.00625 0.00859375
0 0.5015625 0.80703125 0.00546875 0.01015625
0 0.48046875 0.90546875 0.00390625 0.00703125
0 0.4796875 0.8921875 0.00390625 0.0078125
0 0.53984375 0.83828125 0.00625 0.00859375
0 0.5140625 0.59140625 0.046875 0.30078125
1 0.50625 0.284375 0.1046875 0.31015625
1 0.40859375 0.3359375 0.08828125 0.253125
1 0.46796875 0.72109375 0.0484375 0.04921875
1 0.553125 0.696875 0.03125 0.09453125
0 0.5171875 0.8953125 0.00703125 0.00625
1 0.47734375 0.4859375 0.0265625 0.0859375
1 0.54765625 0.4796875 0.02734375 0.08046875