0 0.5265625 0.08125 0.0046875 0.0109375
0 0.50546875 0.078125 0.0046875 0.0078125
0 0.50546875 0.09140625 0.00625 0.009375
0 0.50546875 0.1046875 0.00625 0.0078125
0 0.525 0.121875 0.0046875 0.0078125
0 0.5046875 0.1203125 0.0078125 0.009375
0 0.5046875 0.13359375 0.00625 0.0125
0 0.5046875 0.1484375 0.0078125 0.0109375
0 0.5046875 0.16328125 0.0078125 0.0109375
0 0.525 0.1671875 0.0046875 0.009375
0 0.5046875 0.178125 0.0078125 0.0109375
0 0.4875 0.14765625 0.0078125 0.0109375
0 0.48828125 0.1625 0.00625 0.0078125
0 0.4875 0.178125 0.00625 0.009375
0 0.46640625 0.17734375 0.00625 0.0078125
0 0.46640625 0.19140625 0.00625 0.009375
0 0.50390625 0.19296875 0.00625 0.0109375
0 0.5265625 0.0953125 0.0046875 0.0078125
0 0.52734375 0.10859375 0.0046875 0.0078125
0 0.46640625 0.1609375 0.00625 0.009375
0 0.4875 0.40859375 0.0515625 0.3015625
1 0.48984375 0.715625 0.109375 0.3125
1 0.58828125 0.665625 0.0921875 0.2546875
1 0.5359375 0.2796875 0.05 0.05
1 0.45 0.30234375 0.0328125 0.0953125
0 0.48984375 0.1046875 0.0078125 0.00625
1 0.52265625 0.51484375 0.028125 0.0859375
1 0.45234375 0.51953125 0.028125 0.08125