1 0.45625 0.7578125 0.16875 0.259375
0 0.4515625 0.6921875 0.0109375 0.0140625
0 0.490625 0.44609375 0.103125 0.384375
0 0.45703125 0.6484375 0.0125 0.0171875
0 0.50625 0.175 0.009375 0.009375
0 0.503125 0.18984375 0.0078125 0.0109375
0 0.55703125 0.08125 0.00625 0.009375
0 0.57578125 0.10078125 0.0046875 0.009375
0 0.5546875 0.0953125 0.00625 0.0078125
0 0.5734375 0.11328125 0.00625 0.0125
0 0.553125 0.11015625 0.0078125 0.009375
0 0.5515625 0.1234375 0.0078125 0.009375
0 0.54921875 0.1375 0.0078125 0.0109375
0 0.54765625 0.1515625 0.0078125 0.0109375
0 0.5453125 0.165625 0.0078125 0.0125
0 0.5421875 0.18125 0.0078125 0.009375
0 0.52890625 0.16328125 0.00625 0.009375
1 0.55625 0.35234375 0.0875 0.1796875
1 0.515625 0.53984375 0.0671875 0.2046875
1 0.48125 0.265625 0.0375 0.0296875