0 0.50859375 0.44296875 0.0953125 0.38125
0 0.49921875 0.175 0.00625 0.0078125
0 0.50078125 0.1890625 0.009375 0.0125
0 0.4765625 0.1625 0.0078125 0.0109375
0 0.4796875 0.178125 0.009375 0.0109375
0 0.45 0.08046875 0.0078125 0.009375
0 0.4515625 0.0953125 0.009375 0.0109375
0 0.453125 0.109375 0.0109375 0.0125
0 0.45625 0.12265625 0.0078125 0.009375
0 0.45703125 0.13671875 0.009375 0.0140625
0 0.45859375 0.1515625 0.009375 0.0125
0 0.459375 0.165625 0.009375 0.0125
0 0.4625 0.18046875 0.009375 0.0140625
0 0.4640625 0.19453125 0.009375 0.0109375
0 0.4296875 0.08515625 0.0046875 0.009375
0 0.43125 0.1 0.0046875 0.0078125
0 0.4328125 0.11328125 0.0046875 0.009375
1 0.5359375 0.7546875 0.1609375 0.2578125
1 0.42734375 0.58125 0.1796875 0.2984375
1 0.54375 0.4953125 0.0609375 0.190625
1 0.4484375 0.30390625 0.0515625 0.09375
1 0.52421875 0.29140625 0.0359375 0.078125