0 0.50703125 0.44609375 0.0890625 0.3828125
0 0.5 0.175 0.00625 0.0109375
0 0.50234375 0.18984375 0.0078125 0.0109375
0 0.44921875 0.0796875 0.00625 0.0078125
0 0.4515625 0.09375 0.00625 0.0078125
0 0.453125 0.1078125 0.00625 0.0109375
0 0.43125 0.09921875 0.0046875 0.0078125
0 0.4328125 0.1125 0.0046875 0.0078125
0 0.45546875 0.12109375 0.00625 0.009375
0 0.434375 0.1265625 0.0046875 0.0078125
0 0.45703125 0.1359375 0.00625 0.009375
0 0.45859375 0.15078125 0.00625 0.0109375
0 0.459375 0.165625 0.0078125 0.0109375
0 0.4625 0.1796875 0.00625 0.0109375
0 0.4765625 0.16171875 0.00625 0.0078125
0 0.4640625 0.1953125 0.0046875 0.0125
1 0.434375 0.30390625 0.0828125 0.0953125
1 0.52578125 0.2734375 0.04375 0.046875
1 0.53671875 0.75078125 0.1171875 0.240625
1 0.55078125 0.496875 0.0546875 0.178125
1 0.47109375 0.48046875 0.0640625 0.246875