1 0.47890625 0.28984375 0.1046875 0.3296875
0 0.475 0.353125 0.0140625 0.0328125
0 0.484375 0.58125 0.05625 0.321875
0 0.471875 0.8234375 0.00625 0.009375
0 0.47265625 0.80859375 0.00625 0.0109375
0 0.49296875 0.83828125 0.00625 0.009375
0 0.4921875 0.82421875 0.00625 0.009375
0 0.51328125 0.92265625 0.00625 0.0078125
0 0.5125 0.909375 0.00625 0.009375
0 0.5125 0.89453125 0.00625 0.009375
0 0.51015625 0.88046875 0.00625 0.0109375
0 0.5109375 0.865625 0.00625 0.0109375
0 0.51015625 0.85078125 0.00625 0.0125
0 0.51015625 0.8359375 0.0078125 0.0125
0 0.509375 0.821875 0.00625 0.0125
0 0.51015625 0.8078125 0.00625 0.0078125
0 0.5328125 0.9046875 0.0046875 0.009375
0 0.534375 0.89140625 0.0046875 0.009375
0 0.5328125 0.87890625 0.00625 0.0125
0 0.53125 0.83359375 0.0078125 0.009375
0 0.53125 0.8203125 0.00625 0.0078125
0 0.53203125 0.8484375 0.00625 0.0078125
1 0.596875 0.40703125 0.140625 0.2125
1 0.5265625 0.6 0.053125 0.2875
1 0.45625 0.6984375 0.0453125 0.0953125