0 0.5015625 0.5921875 0.0859375 0.3078125
0 0.49453125 0.82421875 0.00625 0.0078125
0 0.49609375 0.81015625 0.00625 0.009375
0 0.49765625 0.7953125 0.00625 0.009375
0 0.47265625 0.82109375 0.0078125 0.009375
0 0.46953125 0.85234375 0.0078125 0.0109375
0 0.471875 0.8375 0.00625 0.0078125
0 0.459375 0.8046875 0.0078125 0.009375
0 0.4546875 0.83359375 0.0078125 0.0125
0 0.45703125 0.81953125 0.0078125 0.0109375
0 0.45234375 0.84765625 0.0078125 0.0109375
0 0.45078125 0.86171875 0.00625 0.009375
0 0.4625 0.89375 0.0078125 0.009375
0 0.44921875 0.8765625 0.00625 0.009375
0 0.44453125 0.90390625 0.00625 0.009375
0 0.446875 0.890625 0.00625 0.009375
0 0.44296875 0.91875 0.00625 0.00625
0 0.42265625 0.9125 0.0046875 0.0078125
0 0.42421875 0.8984375 0.0046875 0.0078125
0 0.42578125 0.8859375 0.0046875 0.0078125
0 0.428125 0.87265625 0.0046875 0.0078125
0 0.43359375 0.82890625 0.00625 0.009375
1 0.4421875 0.67578125 0.0640625 0.13125
1 0.521875 0.71953125 0.040625 0.0609375
1 0.54921875 0.26328125 0.13125 0.35625
1 0.53984375 0.5671875 0.05625 0.24375
1 0.4734375 0.52109375 0.05625 0.1828125