1 0.509375 0.27421875 0.115625 0.2953125
0 0.51953125 0.3515625 0.01171875 0.03359375
0 0.51953125 0.5828125 0.0453125 0.31953125
0 0.5015625 0.89453125 0.00625 0.0078125
0 0.5015625 0.88046875 0.0046875 0.01015625
0 0.5015625 0.86640625 0.0078125 0.0109375
0 0.5015625 0.8515625 0.00703125 0.01171875
0 0.5015625 0.83671875 0.00625 0.01171875
0 0.51796875 0.8375 0.00859375 0.009375
0 0.5015625 0.82265625 0.0078125 0.0109375
0 0.51796875 0.8234375 0.00546875 0.00859375
0 0.5390625 0.80859375 0.00625 0.01015625
0 0.50078125 0.9078125 0.00625 0.00859375
0 0.5015625 0.92265625 0.00546875 0.0078125
0 0.5015625 0.8078125 0.0046875 0.0078125
0 0.4796875 0.83359375 0.00625 0.009375
0 0.48046875 0.8921875 0.003125 0.01015625
0 0.4796875 0.90703125 0.00546875 0.00859375
0 0.48046875 0.92109375 0.003125 0.00703125
0 0.48046875 0.88046875 0.0046875 0.01015625
0 0.53828125 0.821875 0.00546875 0.00703125
1 0.3953125 0.4375 0.1234375 0.29140625
1 0.4765625 0.5828125 0.04140625 0.32109375
1 0.54921875 0.69375 0.034375 0.09765625