0 0.515625 0.41875 0.0515625 0.084375
0 0.5296875 0.60625 0.0859375 0.26875
0 0.5890625 0.81171875 0.0078125 0.009375
0 0.5875 0.7984375 0.0078125 0.0109375
0 0.5703125 0.83046875 0.0078125 0.0125
0 0.56875 0.81640625 0.00625 0.009375
0 0.56796875 0.91796875 0.00625 0.009375
0 0.565625 0.90390625 0.00625 0.009375
0 0.56328125 0.88828125 0.0078125 0.0109375
0 0.5609375 0.875 0.009375 0.009375
0 0.55859375 0.8609375 0.00625 0.0109375
0 0.55625 0.84609375 0.009375 0.0125
0 0.55390625 0.83203125 0.0078125 0.0109375
0 0.5515625 0.81875 0.0078125 0.0125
0 0.54765625 0.803125 0.0046875 0.009375
0 0.584375 0.78359375 0.0078125 0.0109375
0 0.53359375 0.83203125 0.00625 0.0078125
0 0.5421875 0.8921875 0.00625 0.0125
0 0.540625 0.87734375 0.00625 0.009375
0 0.54609375 0.9171875 0.0046875 0.009375
0 0.54453125 0.903125 0.00625 0.009375
1 0.50078125 0.71328125 0.06875 0.075
1 0.5828125 0.69140625 0.053125 0.0859375
1 0.4640625 0.2671875 0.1484375 0.25
1 0.46953125 0.434375 0.065625 0.096875
1 0.4859375 0.51796875 0.0453125 0.075
1 0.52421875 0.47109375 0.0421875 0.0328125