0 0.4703125 0.57734375 0.040625 0.0796875
0 0.4890625 0.390625 0.05 0.265625
0 0.46640625 0.17734375 0.00625 0.0078125
0 0.465625 0.190625 0.00625 0.0109375
0 0.48828125 0.1625 0.00625 0.0125
0 0.48671875 0.1765625 0.00625 0.009375
0 0.50546875 0.0765625 0.0046875 0.009375
0 0.50546875 0.090625 0.00625 0.009375
0 0.50546875 0.10625 0.00625 0.0109375
0 0.5046875 0.1203125 0.0078125 0.009375
0 0.5046875 0.134375 0.00625 0.0109375
0 0.5046875 0.14921875 0.0078125 0.0109375
0 0.5046875 0.16328125 0.00625 0.0109375
0 0.5046875 0.17734375 0.00625 0.0109375
0 0.50546875 0.19296875 0.0046875 0.009375
0 0.46640625 0.20625 0.00625 0.009375
0 0.52421875 0.1671875 0.0046875 0.0078125
0 0.5265625 0.10703125 0.0046875 0.0125
0 0.525 0.12109375 0.0046875 0.009375
0 0.5265625 0.08125 0.003125 0.009375
0 0.52578125 0.09453125 0.0046875 0.009375
1 0.53671875 0.28984375 0.0609375 0.0671875
1 0.45234375 0.296875 0.0421875 0.08125
1 0.4953125 0.7359375 0.1171875 0.2375
1 0.51796875 0.56953125 0.053125 0.0921875
1 0.51640625 0.484375 0.0359375 0.0703125
1 0.47109375 0.52421875 0.0390625 0.028125