0 0.4859375 0.59140625 0.04453125 0.30390625
0 0.46015625 0.821875 0.0046875 0.0078125
0 0.4609375 0.8078125 0.0046875 0.00859375
0 0.4609375 0.79296875 0.00546875 0.00859375
0 0.48203125 0.821875 0.00625 0.00859375
0 0.48125 0.853125 0.00703125 0.01015625
0 0.48125 0.83828125 0.00546875 0.0078125
0 0.49765625 0.80703125 0.00625 0.00859375
0 0.4984375 0.83671875 0.00625 0.01171875
0 0.49765625 0.82265625 0.00625 0.01015625
0 0.4984375 0.85078125 0.00625 0.0109375
0 0.4984375 0.86484375 0.00546875 0.00859375
0 0.48203125 0.8953125 0.00625 0.0078125
0 0.49765625 0.8796875 0.00546875 0.00859375
0 0.4984375 0.9078125 0.00546875 0.00859375
0 0.4984375 0.89453125 0.0046875 0.00859375
0 0.4984375 0.92265625 0.0046875 0.00625
0 0.51953125 0.91953125 0.003125 0.0078125
0 0.51953125 0.90546875 0.003125 0.00703125
0 0.51953125 0.8921875 0.003125 0.00703125
0 0.51953125 0.87890625 0.003125 0.0078125
0 0.5203125 0.83515625 0.0046875 0.00859375
1 0.5328125 0.68203125 0.046875 0.12578125
1 0.44765625 0.7140625 0.03359375 0.05703125
1 0.484375 0.25859375 0.08359375 0.3484375
1 0.4515625 0.5609375 0.02265625 0.24296875
1 0.5234375 0.52421875 0.03125 0.1796875