0 0.47890625 0.58046875 0.046875 0.0828125
0 0.478125 0.3921875 0.06875 0.26875
0 0.4328125 0.1828125 0.00625 0.0078125
0 0.43359375 0.19609375 0.00625 0.0109375
0 0.45234375 0.165625 0.00625 0.0125
0 0.453125 0.1796875 0.00625 0.009375
0 0.46171875 0.078125 0.0046875 0.009375
0 0.4625 0.0921875 0.00625 0.009375
0 0.4640625 0.1078125 0.0078125 0.0109375
0 0.465625 0.121875 0.0078125 0.009375
0 0.46640625 0.1359375 0.00625 0.0109375
0 0.46796875 0.15078125 0.009375 0.0109375
0 0.46875 0.16484375 0.0078125 0.0109375
0 0.47109375 0.17890625 0.0078125 0.0109375
0 0.4734375 0.19375 0.0046875 0.009375
0 0.4359375 0.21171875 0.0078125 0.009375
0 0.48984375 0.1671875 0.0046875 0.0078125
0 0.48515625 0.10625 0.00625 0.0125
0 0.4859375 0.12109375 0.0046875 0.009375
0 0.4828125 0.08046875 0.003125 0.009375
0 0.48359375 0.09453125 0.00625 0.009375
1 0.5140625 0.28671875 0.065625 0.071875
1 0.43125 0.303125 0.046875 0.084375
1 0.51953125 0.73515625 0.1328125 0.2453125
1 0.52578125 0.5671875 0.059375 0.0953125
1 0.51484375 0.4828125 0.040625 0.0734375
1 0.47421875 0.52734375 0.040625 0.03125