0 0.4796875 0.55078125 0.0921875 0.38125
0 0.44609375 0.91953125 0.00625 0.0078125
0 0.44765625 0.9046875 0.00625 0.0078125
0 0.45 0.890625 0.0078125 0.009375
0 0.4515625 0.87734375 0.0078125 0.009375
0 0.453125 0.8625 0.0078125 0.009375
0 0.4546875 0.8484375 0.00625 0.0109375
0 0.440625 0.83359375 0.00625 0.009375
0 0.4578125 0.83359375 0.0078125 0.0109375
0 0.421875 0.81484375 0.0078125 0.0078125
0 0.4421875 0.81875 0.00625 0.0078125
0 0.45859375 0.8203125 0.00625 0.0109375
0 0.4234375 0.8 0.009375 0.009375
0 0.46171875 0.8046875 0.0046875 0.0125
0 0.471875 0.8921875 0.0046875 0.0125
0 0.4734375 0.87734375 0.003125 0.0078125
1 0.51484375 0.7 0.075 0.1015625
1 0.425 0.696875 0.0421875 0.0828125
1 0.5234375 0.24609375 0.1109375 0.2453125
1 0.45859375 0.46484375 0.05 0.190625
1 0.521875 0.50625 0.065625 0.28125
0 0.46953125 0.90546875 0.0046875 0.009375
0 0.46796875 0.91953125 0.0046875 0.009375
0 0.4796875 0.83515625 0.00625 0.0078125