0 0.49609375 0.403125 0.053125 0.075
0 0.51015625 0.4515625 0.0109375 0.01875
0 0.459375 0.66484375 0.0625 0.15
0 0.48359375 0.51640625 0.0453125 0.15625
1 0.45625 0.51953125 0.0515625 0.140625
0 0.4796875 0.44765625 0.009375 0.0109375
0 0.43984375 0.91875 0.00625 0.0109375
0 0.44140625 0.9046875 0.0078125 0.009375
0 0.46171875 0.91875 0.00625 0.009375
0 0.46328125 0.90390625 0.00625 0.0078125
0 0.46484375 0.890625 0.0046875 0.0109375
0 0.44453125 0.88984375 0.0078125 0.0109375
0 0.465625 0.87890625 0.0046875 0.0109375
0 0.44453125 0.87578125 0.0078125 0.009375
0 0.44765625 0.8609375 0.009375 0.0109375
0 0.45 0.846875 0.009375 0.0140625
0 0.4515625 0.83359375 0.0078125 0.0109375
0 0.453125 0.81875 0.00625 0.009375
0 0.45625 0.80390625 0.0078125 0.0109375
0 0.434375 0.83125 0.00625 0.0078125
0 0.43671875 0.81640625 0.0078125 0.009375
0 0.4171875 0.79921875 0.0078125 0.009375
0 0.415625 0.8140625 0.0078125 0.009375
0 0.4734375 0.83359375 0.009375 0.0125
1 0.52890625 0.24765625 0.15 0.259375
1 0.60859375 0.43671875 0.165625 0.23125
1 0.50703125 0.53046875 0.046875 0.134375
1 0.49921875 0.671875 0.0625 0.1515625
1 0.4203125 0.6984375 0.0421875 0.071875