0 0.5203125 0.578125 0.0421875 0.3234375
0 0.4796875 0.8984375 0.0078125 0.0515625
0 0.50234375 0.92265625 0.0046875 0.0078125
0 0.5015625 0.909375 0.0078125 0.01015625
0 0.5015625 0.89375 0.00546875 0.00859375
0 0.5015625 0.88046875 0.00625 0.0078125
0 0.50234375 0.86640625 0.009375 0.01171875
0 0.5015625 0.85234375 0.00859375 0.01171875
0 0.50234375 0.83828125 0.009375 0.01171875
0 0.49609375 0.80546875 0.0625 0.0328125
0 0.50234375 0.8203125 0.00859375 0.01171875
0 0.50234375 0.8078125 0.00546875 0.009375
0 0.5171875 0.83828125 0.00859375 0.01015625
0 0.51796875 0.82265625 0.00703125 0.01171875
0 0.53984375 0.82265625 0.00703125 0.00859375
0 0.53984375 0.80625 0.00703125 0.00859375
1 0.5078125 0.2578125 0.1171875 0.3078125
1 0.48046875 0.578125 0.03515625 0.32734375
1 0.38984375 0.42578125 0.14609375 0.29375
1 0.55234375 0.72265625 0.0390625 0.0453125