1 0.5296875 0.23984375 0.16875 0.259375
0 0.50625 0.30234375 0.0109375 0.0140625
0 0.47578125 0.54921875 0.103125 0.384375
0 0.5 0.3453125 0.0125 0.0171875
0 0.41640625 0.8140625 0.009375 0.009375
0 0.41796875 0.79921875 0.0078125 0.0109375
0 0.43984375 0.91796875 0.00625 0.009375
0 0.4625 0.9046875 0.0046875 0.009375
0 0.440625 0.90390625 0.00625 0.0078125
0 0.4640625 0.89140625 0.00625 0.0125
0 0.44375 0.88984375 0.0078125 0.009375
0 0.4453125 0.87578125 0.0078125 0.009375
0 0.44765625 0.86171875 0.0078125 0.0109375
0 0.44921875 0.84765625 0.0078125 0.0109375
0 0.4515625 0.834375 0.0078125 0.0125
0 0.453125 0.81875 0.0078125 0.009375
0 0.43515625 0.83203125 0.00625 0.009375
1 0.51328125 0.65703125 0.0875 0.1796875
1 0.52578125 0.465625 0.0671875 0.2046875
1 0.4171875 0.7203125 0.0375 0.0296875