0 0.5125 0.55390625 0.059375 0.3796875
0 0.4875 0.92265625 0.0046875 0.0078125
0 0.48828125 0.9078125 0.0046875 0.0078125
0 0.48828125 0.89375 0.00625 0.009375
0 0.4890625 0.88046875 0.00625 0.009375
0 0.48984375 0.865625 0.00625 0.009375
0 0.48984375 0.8515625 0.00625 0.0109375
0 0.50625 0.8390625 0.00625 0.009375
0 0.48984375 0.8359375 0.00625 0.0109375
0 0.528125 0.82265625 0.00625 0.0078125
0 0.5078125 0.82421875 0.0046875 0.0078125
0 0.49140625 0.82265625 0.00625 0.0109375
0 0.528125 0.80859375 0.0078125 0.009375
0 0.48984375 0.80703125 0.003125 0.0125
0 0.46640625 0.8921875 0.003125 0.0125
0 0.4671875 0.87734375 0.003125 0.0078125
1 0.45390625 0.6953125 0.0671875 0.0953125
1 0.54375 0.70625 0.034375 0.0796875
1 0.51640625 0.24609375 0.090625 0.240625
1 0.54609375 0.471875 0.034375 0.1890625
1 0.47734375 0.503125 0.040625 0.28125
0 0.46640625 0.90546875 0.003125 0.009375
0 0.465625 0.91953125 0.003125 0.009375
0 0.46796875 0.834375 0.0046875 0.0078125