0 0.484375 0.55546875 0.04921875 0.378125
0 0.4609375 0.82265625 0.00546875 0.0078125
0 0.4609375 0.80859375 0.00859375 0.0109375
0 0.48203125 0.8375 0.00703125 0.009375
0 0.48125 0.821875 0.0078125 0.01015625
0 0.4984375 0.92265625 0.00625 0.00859375
0 0.4984375 0.9078125 0.0078125 0.009375
0 0.49921875 0.89375 0.009375 0.01171875
0 0.49765625 0.8796875 0.00625 0.009375
0 0.4984375 0.865625 0.00703125 0.0140625
0 0.4984375 0.85078125 0.0078125 0.01171875
0 0.49921875 0.83671875 0.0078125 0.01171875
0 0.4984375 0.821875 0.0078125 0.01328125
0 0.4984375 0.8078125 0.0078125 0.01015625
0 0.51953125 0.9203125 0.00390625 0.00859375
0 0.51953125 0.90546875 0.003125 0.0078125
0 0.51953125 0.8921875 0.003125 0.009375
1 0.4953125 0.24296875 0.1328125 0.24375
1 0.58203125 0.428125 0.14609375 0.2828125
1 0.45625 0.49921875 0.0390625 0.18671875
1 0.52734375 0.70078125 0.04140625 0.08984375
1 0.45078125 0.70390625 0.02734375 0.07578125