0 0.515625 0.44765625 0.059375 0.3796875
0 0.5171875 0.07734375 0.0046875 0.0078125
0 0.51640625 0.0921875 0.0046875 0.0078125
0 0.51640625 0.10625 0.00625 0.009375
0 0.515625 0.11953125 0.00625 0.009375
0 0.51484375 0.134375 0.00625 0.009375
0 0.51484375 0.1484375 0.00625 0.0109375
0 0.5296875 0.1625 0.00625 0.009375
0 0.51328125 0.1640625 0.00625 0.0109375
0 0.55 0.1796875 0.00625 0.0078125
0 0.5296875 0.17734375 0.0046875 0.0078125
0 0.51328125 0.17734375 0.00625 0.0109375
0 0.55 0.19453125 0.0078125 0.009375
0 0.51171875 0.19296875 0.003125 0.0125
0 0.49453125 0.10625 0.003125 0.0125
0 0.49375 0.12109375 0.003125 0.0078125
1 0.46796875 0.3015625 0.0671875 0.0953125
1 0.5578125 0.296875 0.034375 0.0796875
1 0.49921875 0.7546875 0.090625 0.240625
1 0.54453125 0.53125 0.034375 0.1890625
1 0.47734375 0.4953125 0.040625 0.28125
0 0.49453125 0.09296875 0.003125 0.009375
0 0.4953125 0.07890625 0.003125 0.009375
0 0.49140625 0.1640625 0.0046875 0.0078125