0 0.48203125 0.43671875 0.059375 0.359375
0 0.45 0.1796875 0.0046875 0.0078125
0 0.44921875 0.19375 0.0078125 0.0109375
0 0.45078125 0.2078125 0.00625 0.009375
0 0.47109375 0.178125 0.00625 0.009375
0 0.4703125 0.16328125 0.00625 0.009375
0 0.48359375 0.07734375 0.00625 0.0078125
0 0.484375 0.09140625 0.00625 0.009375
0 0.48515625 0.1046875 0.00625 0.009375
0 0.48515625 0.11953125 0.00625 0.0109375
0 0.4859375 0.134375 0.0078125 0.0109375
0 0.4859375 0.1484375 0.0078125 0.0125
0 0.4859375 0.1640625 0.0078125 0.0125
0 0.48671875 0.17890625 0.00625 0.009375
0 0.48828125 0.19296875 0.0046875 0.0109375
0 0.44921875 0.16484375 0.0046875 0.0078125
0 0.50703125 0.16484375 0.00625 0.00625
0 0.50546875 0.1 0.00625 0.0234375
0 0.50625 0.1203125 0.0046875 0.0078125
0 0.5046875 0.07890625 0.0046875 0.009375
1 0.53046875 0.29765625 0.0640625 0.090625
1 0.4359375 0.29765625 0.05 0.078125
1 0.5625 0.74296875 0.25 0.2671875
1 0.5203125 0.528125 0.03125 0.1703125
1 0.45703125 0.509375 0.0390625 0.2109375