0 0.5125 0.44765625 0.05 0.3796875
0 0.534375 0.1765625 0.0046875 0.0109375
0 0.534375 0.19140625 0.00625 0.0109375
0 0.49375 0.0765625 0.0046875 0.0078125
0 0.49453125 0.090625 0.00625 0.0078125
0 0.49453125 0.1046875 0.00625 0.0109375
0 0.4734375 0.09453125 0.0046875 0.0078125
0 0.4734375 0.1078125 0.0046875 0.0078125
0 0.49453125 0.11875 0.0046875 0.009375
0 0.47421875 0.121875 0.0046875 0.0078125
0 0.4953125 0.13359375 0.00625 0.009375
0 0.4953125 0.1484375 0.00625 0.0109375
0 0.49453125 0.16328125 0.0078125 0.0109375
0 0.49609375 0.17734375 0.0046875 0.0109375
0 0.51171875 0.16171875 0.0046875 0.0078125
0 0.49609375 0.19296875 0.003125 0.0125
1 0.4546875 0.2984375 0.0734375 0.0875
1 0.54921875 0.27734375 0.0390625 0.0421875
1 0.5109375 0.753125 0.09375 0.2328125
1 0.55078125 0.50234375 0.0359375 0.1765625
1 0.47265625 0.478125 0.0390625 0.2453125