1 0.45546875 0.278125 0.1609375 0.309375
0 0.4578125 0.35625 0.0171875 0.034375
0 0.49375 0.58515625 0.0953125 0.3234375
0 0.56015625 0.88984375 0.0078125 0.009375
0 0.5578125 0.87578125 0.00625 0.0109375
0 0.55546875 0.8625 0.009375 0.0125
0 0.553125 0.84765625 0.009375 0.0125
0 0.55078125 0.8328125 0.0078125 0.0125
0 0.53515625 0.8359375 0.009375 0.0109375
0 0.54921875 0.81875 0.009375 0.0125
0 0.5328125 0.82265625 0.00625 0.009375
0 0.509375 0.8109375 0.0078125 0.0109375
0 0.56328125 0.903125 0.0078125 0.009375
0 0.56484375 0.91796875 0.00625 0.0078125
0 0.546875 0.80390625 0.00625 0.0078125
0 0.571875 0.8265625 0.0078125 0.0109375
0 0.58046875 0.884375 0.0046875 0.0109375
0 0.58359375 0.89921875 0.00625 0.009375
0 0.58515625 0.9125 0.0046875 0.0078125
0 0.57890625 0.87265625 0.00625 0.0109375
0 0.5125 0.82421875 0.00625 0.0078125
1 0.59375 0.421875 0.1671875 0.3078125
1 0.5359375 0.578125 0.090625 0.3234375
1 0.48203125 0.69921875 0.05 0.1015625