0 0.503125 0.55390625 0.1140625 0.38125
0 0.47734375 0.82421875 0.00625 0.0109375
0 0.48046875 0.809375 0.0078125 0.0109375
0 0.4203125 0.915625 0.00625 0.0078125
0 0.4234375 0.90234375 0.00625 0.009375
0 0.42578125 0.88828125 0.0078125 0.0109375
0 0.403125 0.8953125 0.0046875 0.0078125
0 0.40546875 0.88203125 0.0046875 0.0078125
0 0.42890625 0.87421875 0.00625 0.009375
0 0.40859375 0.86796875 0.0046875 0.0078125
0 0.43125 0.86015625 0.0078125 0.0109375
0 0.434375 0.8453125 0.0078125 0.0125
0 0.43671875 0.83046875 0.009375 0.0109375
0 0.43984375 0.8171875 0.00625 0.0109375
0 0.453125 0.83515625 0.00625 0.0078125
0 0.44296875 0.8015625 0.0046875 0.0125
1 0.42109375 0.690625 0.0875 0.0984375
1 0.51015625 0.728125 0.046875 0.0484375
1 0.5546875 0.25234375 0.1328125 0.24375
1 0.55078125 0.50625 0.065625 0.178125
1 0.46953125 0.5171875 0.08125 0.246875