1 0.10703125 0.584375 0.06953125 0.115625
1 0.12421875 0.8078125 0.20234375 0.196875
1 0.33046875 0.81640625 0.11015625 0.0484375
1 0.496875 0.7796875 0.13671875 0.1265625
1 0.73359375 0.59765625 0.11796875 0.140625
1 0.89765625 0.621875 0.1515625 0.0953125
1 0.871875 0.80234375 0.20703125 0.1984375
1 0.6765625 0.803125 0.1671875 0.20703125
1 0.09609375 0.37109375 0.128125 0.1421875
1 0.31953125 0.378125 0.16484375 0.16015625
1 0.45 0.39375 0.071875 0.18828125
1 0.54765625 0.41328125 0.1015625 0.14140625
1 0.7328125 0.39140625 0.04609375 0.175
1 0.9015625 0.3953125 0.0484375 0.05625
1 0.89609375 0.93984375 0.159375 0.04375