1 0.4859375 0.2890625 0.09375 0.3265625
0 0.48046875 0.35234375 0.0125 0.0328125
0 0.48125 0.58046875 0.04453125 0.32109375
0 0.4609375 0.82265625 0.00546875 0.009375
0 0.46171875 0.8078125 0.00625 0.0109375
0 0.48125 0.8375 0.00625 0.009375
0 0.48125 0.8234375 0.00625 0.009375
0 0.4984375 0.92265625 0.00546875 0.0078125
0 0.4984375 0.909375 0.00546875 0.009375
0 0.4984375 0.89453125 0.00546875 0.00859375
0 0.496875 0.88046875 0.00625 0.0109375
0 0.4984375 0.865625 0.00625 0.0109375
0 0.49765625 0.85078125 0.00625 0.01171875
0 0.4984375 0.8359375 0.0078125 0.0125
0 0.4984375 0.821875 0.00625 0.01171875
0 0.49921875 0.8078125 0.00625 0.0078125
0 0.51875 0.90546875 0.00390625 0.009375
0 0.5203125 0.8921875 0.0046875 0.009375
0 0.51953125 0.8796875 0.00546875 0.01171875
0 0.51953125 0.834375 0.00703125 0.009375
0 0.5203125 0.82109375 0.00546875 0.0078125
0 0.51953125 0.84921875 0.00546875 0.00703125
1 0.6 0.41015625 0.13359375 0.20859375
1 0.5234375 0.60078125 0.04375 0.28671875
1 0.44921875 0.696875 0.04140625 0.09453125