0 0.48359375 0.57890625 0.040625 0.32578125
0 0.46171875 0.821875 0.00625 0.01015625
0 0.4609375 0.80703125 0.00703125 0.009375
0 0.4828125 0.83828125 0.00703125 0.0109375
0 0.48125 0.821875 0.00546875 0.00859375
0 0.4984375 0.9234375 0.00703125 0.0078125
0 0.4984375 0.9078125 0.00546875 0.009375
0 0.4984375 0.89375 0.00546875 0.01015625
0 0.49765625 0.8796875 0.00703125 0.01015625
0 0.4984375 0.865625 0.00703125 0.01171875
0 0.49921875 0.85078125 0.00625 0.01015625
0 0.4984375 0.83671875 0.00703125 0.0125
0 0.4984375 0.82109375 0.00703125 0.0109375
0 0.49921875 0.80703125 0.00625 0.00859375
0 0.5203125 0.8984375 0.00546875 0.05078125
1 0.49453125 0.2734375 0.1171875 0.275
1 0.5921875 0.44921875 0.17734375 0.30078125
1 0.52421875 0.671875 0.0390625 0.14375
1 0.4515625 0.71640625 0.0234375 0.0515625