0 0.5171875 0.4046875 0.04453125 0.06953125
0 0.496875 0.45078125 0.00859375 0.01796875
0 0.5171875 0.66875 0.04296875 0.14609375
0 0.5140625 0.51875 0.02421875 0.1546875
1 0.540625 0.52578125 0.03203125 0.1375
0 0.52734375 0.45078125 0.0078125 0.009375
0 0.5015625 0.9234375 0.00546875 0.01015625
0 0.5015625 0.90859375 0.00625 0.0078125
0 0.4796875 0.9203125 0.00546875 0.00859375
0 0.48046875 0.90546875 0.00546875 0.0078125
0 0.48046875 0.89140625 0.003125 0.01015625
0 0.50078125 0.89375 0.00625 0.01015625
0 0.48125 0.8796875 0.00390625 0.01015625
0 0.50234375 0.8796875 0.00625 0.009375
0 0.5015625 0.86484375 0.0078125 0.01015625
0 0.5015625 0.85078125 0.0078125 0.0125
0 0.5015625 0.83671875 0.00625 0.0109375
0 0.50234375 0.821875 0.00546875 0.009375
0 0.50078125 0.80703125 0.00703125 0.01015625
0 0.51875 0.8375 0.00546875 0.00703125
0 0.51875 0.821875 0.00703125 0.00859375
0 0.540625 0.8078125 0.00625 0.0078125
0 0.53984375 0.82265625 0.00625 0.0078125
0 0.4796875 0.834375 0.00703125 0.01171875
1 0.50625 0.24609375 0.1171875 0.2453125
1 0.4015625 0.421875 0.1375 0.21484375
1 0.4890625 0.52890625 0.02890625 0.13125
1 0.4765625 0.6703125 0.04296875 0.14765625
1 0.5515625 0.7078125 0.03359375 0.0671875