1 0.54453125 0.721875 0.1609375 0.309375
0 0.5421875 0.64375 0.0171875 0.034375
0 0.50625 0.41484375 0.0953125 0.3234375
0 0.43984375 0.11015625 0.0078125 0.009375
0 0.4421875 0.12421875 0.00625 0.0109375
0 0.44453125 0.1375 0.009375 0.0125
0 0.446875 0.15234375 0.009375 0.0125
0 0.44921875 0.1671875 0.0078125 0.0125
0 0.46484375 0.1640625 0.009375 0.0109375
0 0.45078125 0.18125 0.009375 0.0125
0 0.4671875 0.17734375 0.00625 0.009375
0 0.490625 0.1890625 0.0078125 0.0109375
0 0.43671875 0.096875 0.0078125 0.009375
0 0.43515625 0.08203125 0.00625 0.0078125
0 0.453125 0.19609375 0.00625 0.0078125
0 0.428125 0.1734375 0.0078125 0.0109375
0 0.41953125 0.115625 0.0046875 0.0109375
0 0.41640625 0.10078125 0.00625 0.009375
0 0.41484375 0.0875 0.0046875 0.0078125
0 0.42109375 0.12734375 0.00625 0.0109375
0 0.4875 0.17578125 0.00625 0.0078125
1 0.40625 0.578125 0.1671875 0.3078125
1 0.4640625 0.421875 0.090625 0.3234375
1 0.51796875 0.30078125 0.05 0.1015625