0 0.484375 0.5640625 0.046875 0.35859375
0 0.4609375 0.821875 0.0046875 0.0078125
0 0.46015625 0.8078125 0.00703125 0.01015625
0 0.4609375 0.79375 0.00625 0.009375
0 0.48203125 0.82265625 0.00625 0.009375
0 0.48203125 0.8375 0.00625 0.00859375
0 0.4984375 0.92265625 0.00625 0.0078125
0 0.4984375 0.90859375 0.00625 0.00859375
0 0.49921875 0.8953125 0.00625 0.009375
0 0.4984375 0.88046875 0.00625 0.01015625
0 0.4984375 0.865625 0.0078125 0.01015625
0 0.4984375 0.8515625 0.0078125 0.01171875
0 0.49765625 0.8359375 0.0078125 0.01171875
0 0.49765625 0.82109375 0.00625 0.009375
0 0.49921875 0.80703125 0.00390625 0.01015625
0 0.4609375 0.83671875 0.0046875 0.00703125
0 0.51875 0.834375 0.00546875 0.00625
0 0.51953125 0.89921875 0.0046875 0.02265625
0 0.51953125 0.87890625 0.0046875 0.0078125
0 0.51953125 0.9203125 0.00390625 0.009375
1 0.5375 0.70078125 0.06171875 0.08828125
1 0.44296875 0.7046875 0.04765625 0.07578125
1 0.55390625 0.2546875 0.240625 0.25859375
1 0.51953125 0.47109375 0.025 0.1703125
1 0.45703125 0.4921875 0.03125 0.21015625