0 0.4828125 0.5515625 0.06875 0.38125
0 0.4375 0.81875 0.0046875 0.0109375
0 0.4390625 0.80390625 0.00625 0.0109375
0 0.46953125 0.92265625 0.0046875 0.0078125
0 0.46953125 0.90859375 0.00625 0.0078125
0 0.47109375 0.89453125 0.00625 0.0109375
0 0.49140625 0.90625 0.0046875 0.0078125
0 0.4921875 0.89375 0.0046875 0.0078125
0 0.471875 0.88046875 0.0046875 0.009375
0 0.49296875 0.8796875 0.0046875 0.0078125
0 0.47265625 0.865625 0.00625 0.009375
0 0.47421875 0.85078125 0.00625 0.0109375
0 0.47578125 0.8359375 0.0078125 0.0109375
0 0.47578125 0.821875 0.0046875 0.0109375
0 0.45859375 0.8359375 0.0046875 0.0078125
0 0.47734375 0.80625 0.0046875 0.0125
1 0.52734375 0.7046875 0.078125 0.0921875
1 0.43125 0.71796875 0.0421875 0.0453125
1 0.51171875 0.246875 0.10625 0.2375
1 0.44921875 0.49296875 0.0453125 0.178125
1 0.525 0.52421875 0.0515625 0.246875