0 0.48984375 0.43515625 0.078125 0.3609375
0 0.4890625 0.17578125 0.0046875 0.0078125
0 0.4875 0.18984375 0.0078125 0.0109375
0 0.48671875 0.20390625 0.0078125 0.009375
0 0.51015625 0.17734375 0.0078125 0.009375
0 0.51171875 0.1625 0.00625 0.009375
0 0.53515625 0.07890625 0.00625 0.0078125
0 0.534375 0.09296875 0.00625 0.009375
0 0.53359375 0.10625 0.0078125 0.009375
0 0.53125 0.12109375 0.0078125 0.0109375
0 0.53046875 0.1359375 0.009375 0.0109375
0 0.52890625 0.15 0.009375 0.0125
0 0.5265625 0.16484375 0.009375 0.0125
0 0.52578125 0.1796875 0.0078125 0.009375
0 0.52578125 0.19375 0.0046875 0.0109375
0 0.490625 0.1609375 0.0046875 0.0078125
0 0.54765625 0.16875 0.00625 0.00625
0 0.55390625 0.10390625 0.00625 0.0234375
0 0.55234375 0.12421875 0.0046875 0.0078125
0 0.55625 0.0828125 0.0046875 0.009375
1 0.5546875 0.303125 0.06875 0.09375
1 0.4609375 0.29140625 0.0546875 0.0796875
1 0.53203125 0.74921875 0.2625 0.278125
1 0.5171875 0.53046875 0.0390625 0.171875
1 0.45625 0.50390625 0.05 0.2125