0 0.47578125 0.4390625 0.096875 0.3609375
0 0.41640625 0.18671875 0.00625 0.0078125
0 0.41796875 0.20078125 0.0078125 0.0109375
0 0.4203125 0.21484375 0.0078125 0.009375
0 0.4375 0.1828125 0.0078125 0.009375
0 0.43515625 0.16796875 0.0078125 0.009375
0 0.43984375 0.08203125 0.0078125 0.009375
0 0.44140625 0.0953125 0.0078125 0.009375
0 0.44453125 0.10859375 0.0078125 0.009375
0 0.4453125 0.1234375 0.0078125 0.0109375
0 0.44765625 0.13828125 0.009375 0.0109375
0 0.44921875 0.15234375 0.009375 0.0125
0 0.45078125 0.16796875 0.009375 0.0125
0 0.453125 0.18203125 0.0078125 0.009375
0 0.45625 0.19609375 0.0046875 0.0109375
0 0.41484375 0.171875 0.00625 0.0078125
0 0.471875 0.16640625 0.00625 0.00625
0 0.4640625 0.1015625 0.0078125 0.0234375
0 0.46640625 0.121875 0.00625 0.0078125
0 0.4609375 0.08125 0.0046875 0.009375
1 0.509375 0.29609375 0.0734375 0.0953125
1 0.41484375 0.30546875 0.0578125 0.08125
1 0.5875 0.73515625 0.275 0.2890625
1 0.5234375 0.52578125 0.0484375 0.171875
1 0.45859375 0.5140625 0.0609375 0.2125