0 0.51875 0.4453125 0.06875 0.3796875
0 0.55625 0.1796875 0.00625 0.0078125
0 0.55546875 0.19375 0.009375 0.0109375
0 0.5359375 0.1640625 0.0078125 0.009375
0 0.5359375 0.1796875 0.0078125 0.0109375
0 0.5234375 0.078125 0.00625 0.009375
0 0.52265625 0.09296875 0.0078125 0.009375
0 0.52109375 0.10703125 0.009375 0.0125
0 0.521875 0.12109375 0.00625 0.009375
0 0.5203125 0.13515625 0.0078125 0.0140625
0 0.51953125 0.15 0.0078125 0.0125
0 0.51875 0.1640625 0.0078125 0.0125
0 0.51875 0.17890625 0.0078125 0.0140625
0 0.51796875 0.19296875 0.0078125 0.0109375
0 0.50234375 0.07890625 0.0046875 0.009375
0 0.5015625 0.09375 0.003125 0.0078125
0 0.50078125 0.10703125 0.003125 0.009375
1 0.49140625 0.75703125 0.1453125 0.25
1 0.4140625 0.5671875 0.1609375 0.290625
1 0.54375 0.503125 0.0484375 0.1890625
1 0.4828125 0.2984375 0.0453125 0.0921875
1 0.56015625 0.29921875 0.03125 0.0765625