0 0.50078125 0.4078125 0.0921875 0.3078125
0 0.5109375 0.17578125 0.00625 0.0078125
0 0.509375 0.18984375 0.00625 0.009375
0 0.50703125 0.2046875 0.00625 0.009375
0 0.5328125 0.17890625 0.0078125 0.009375
0 0.53671875 0.1484375 0.0078125 0.0109375
0 0.534375 0.16328125 0.00625 0.0078125
0 0.54609375 0.19609375 0.0078125 0.009375
0 0.55078125 0.1671875 0.0078125 0.0125
0 0.5484375 0.18125 0.0078125 0.0109375
0 0.553125 0.153125 0.0078125 0.0125
0 0.55546875 0.1390625 0.00625 0.009375
0 0.54375 0.10703125 0.0078125 0.009375
0 0.55703125 0.125 0.00625 0.009375
0 0.5625 0.096875 0.00625 0.009375
0 0.56015625 0.11015625 0.00625 0.009375
0 0.56484375 0.08203125 0.00625 0.00625
0 0.58515625 0.0890625 0.0046875 0.0078125
0 0.5828125 0.10234375 0.0046875 0.0078125
0 0.58046875 0.115625 0.0046875 0.0078125
0 0.57890625 0.12890625 0.0046875 0.0078125
0 0.57265625 0.171875 0.00625 0.009375
1 0.5609375 0.325 0.065625 0.13125
1 0.48203125 0.28046875 0.0421875 0.0609375
1 0.446875 0.7359375 0.1375 0.3578125
1 0.46171875 0.43203125 0.0609375 0.24375
1 0.5265625 0.4796875 0.059375 0.1828125