0 0.4859375 0.553125 0.04609375 0.37890625
0 0.49765625 0.92265625 0.0046875 0.0078125
0 0.49765625 0.9078125 0.0046875 0.0078125
0 0.49765625 0.89375 0.00625 0.00859375
0 0.49765625 0.88046875 0.00625 0.009375
0 0.49765625 0.865625 0.00625 0.00859375
0 0.49765625 0.8515625 0.00546875 0.0109375
0 0.48203125 0.83828125 0.00546875 0.00859375
0 0.4984375 0.8359375 0.00625 0.0109375
0 0.4609375 0.821875 0.00625 0.0078125
0 0.48125 0.8234375 0.0046875 0.0078125
0 0.49765625 0.82265625 0.00546875 0.01015625
0 0.4609375 0.80703125 0.0078125 0.00859375
0 0.49921875 0.80703125 0.003125 0.0125
0 0.51953125 0.89296875 0.003125 0.0125
0 0.51953125 0.878125 0.00234375 0.0078125
1 0.5390625 0.696875 0.0640625 0.09375
1 0.44921875 0.7046875 0.03203125 0.07890625
1 0.4921875 0.2453125 0.0828125 0.2375
1 0.4546875 0.4703125 0.02734375 0.18828125
1 0.52265625 0.50390625 0.03125 0.2796875
0 0.51953125 0.90625 0.003125 0.009375
0 0.51953125 0.9203125 0.003125 0.00859375
0 0.5203125 0.83515625 0.0046875 0.0078125