1 0.515625 0.2890625 0.1390625 0.3359375
0 0.5015625 0.35078125 0.0171875 0.034375
0 0.4703125 0.57734375 0.0890625 0.3234375
0 0.41640625 0.8140625 0.00625 0.009375
0 0.41953125 0.79921875 0.0078125 0.0109375
0 0.434375 0.83125 0.0078125 0.009375
0 0.43671875 0.81796875 0.0078125 0.009375
0 0.43984375 0.91796875 0.00625 0.0078125
0 0.44140625 0.90546875 0.00625 0.009375
0 0.44375 0.890625 0.00625 0.009375
0 0.44375 0.8765625 0.0078125 0.0109375
0 0.44765625 0.86171875 0.0078125 0.0109375
0 0.44921875 0.846875 0.0078125 0.0125
0 0.4515625 0.8328125 0.009375 0.0140625
0 0.45390625 0.81875 0.0078125 0.0125
0 0.45625 0.8046875 0.0078125 0.009375
0 0.4625 0.90390625 0.0046875 0.009375
0 0.465625 0.89140625 0.00625 0.009375
0 0.46640625 0.87890625 0.0078125 0.0125
0 0.47265625 0.83359375 0.0078125 0.0109375
0 0.47578125 0.82109375 0.00625 0.0078125
0 0.47109375 0.8484375 0.00625 0.0078125
1 0.61171875 0.425 0.1609375 0.225
1 0.509375 0.603125 0.0828125 0.290625
1 0.42265625 0.68828125 0.0546875 0.1