0 0.50234375 0.596875 0.0546875 0.075
0 0.4890625 0.5484375 0.0109375 0.01875
0 0.54375 0.3359375 0.065625 0.1515625
0 0.5171875 0.48359375 0.0484375 0.15625
1 0.54453125 0.48125 0.053125 0.140625
0 0.51953125 0.553125 0.009375 0.0109375
0 0.56796875 0.08203125 0.00625 0.0109375
0 0.565625 0.096875 0.0078125 0.009375
0 0.5453125 0.08203125 0.00625 0.009375
0 0.54375 0.09609375 0.00625 0.0078125
0 0.5421875 0.11015625 0.0046875 0.0109375
0 0.5625 0.1109375 0.0078125 0.0109375
0 0.540625 0.121875 0.0046875 0.0109375
0 0.56171875 0.125 0.0078125 0.0109375
0 0.55859375 0.13984375 0.009375 0.0109375
0 0.55625 0.15390625 0.009375 0.0140625
0 0.55390625 0.16796875 0.0078125 0.0125
0 0.55234375 0.1828125 0.00625 0.009375
0 0.5484375 0.196875 0.0078125 0.0109375
0 0.57109375 0.16953125 0.00625 0.0078125
0 0.56875 0.18515625 0.0078125 0.009375
0 0.58828125 0.20234375 0.0078125 0.009375
0 0.58984375 0.1875 0.0078125 0.009375
0 0.53203125 0.16640625 0.009375 0.0125
1 0.46640625 0.7515625 0.1546875 0.2609375
1 0.390625 0.56171875 0.16875 0.234375
1 0.49375 0.46953125 0.0484375 0.134375
1 0.503125 0.328125 0.065625 0.153125
1 0.58359375 0.303125 0.04375 0.071875