1 0.52109375 0.275 0.13125 0.3015625
0 0.52734375 0.353125 0.0140625 0.034375
0 0.51484375 0.58359375 0.0625 0.321875
0 0.48125 0.89375 0.00625 0.0078125
0 0.48203125 0.8796875 0.0046875 0.0109375
0 0.48203125 0.865625 0.0078125 0.0109375
0 0.4828125 0.85078125 0.0078125 0.0125
0 0.48359375 0.83671875 0.00625 0.0125
0 0.5 0.83828125 0.009375 0.009375
0 0.484375 0.82265625 0.0078125 0.0109375
0 0.50078125 0.82421875 0.00625 0.009375
0 0.52265625 0.81015625 0.00625 0.0109375
0 0.4796875 0.90703125 0.00625 0.009375
0 0.4796875 0.921875 0.00625 0.0078125
0 0.48515625 0.8078125 0.0046875 0.0078125
0 0.4625 0.83203125 0.00625 0.009375
0 0.46015625 0.890625 0.003125 0.0109375
0 0.45859375 0.90546875 0.00625 0.009375
0 0.45859375 0.91953125 0.003125 0.0078125
0 0.4609375 0.87890625 0.0046875 0.0109375
0 0.52109375 0.8234375 0.00625 0.0078125
1 0.3984375 0.43203125 0.1390625 0.296875
1 0.471875 0.58125 0.0578125 0.3234375
1 0.5390625 0.69609375 0.0390625 0.1