1 0.490625 0.27421875 0.115625 0.2953125
0 0.48046875 0.3515625 0.0125 0.034375
0 0.48046875 0.5828125 0.0453125 0.31875
0 0.4984375 0.89453125 0.00625 0.0078125
0 0.4984375 0.88046875 0.0046875 0.009375
0 0.4984375 0.86640625 0.0078125 0.0109375
0 0.4984375 0.8515625 0.00625 0.0125
0 0.4984375 0.83671875 0.00625 0.0125
0 0.48203125 0.8375 0.009375 0.009375
0 0.4984375 0.82265625 0.0078125 0.0109375
0 0.48203125 0.8234375 0.00625 0.009375
0 0.4609375 0.80859375 0.00625 0.009375
0 0.49921875 0.9078125 0.00625 0.009375
0 0.4984375 0.92265625 0.00625 0.0078125
0 0.4984375 0.8078125 0.0046875 0.0078125
0 0.5203125 0.83359375 0.00625 0.009375
0 0.51953125 0.8921875 0.003125 0.009375
0 0.5203125 0.90703125 0.00625 0.009375
0 0.51953125 0.92109375 0.003125 0.00625
0 0.51953125 0.88046875 0.0046875 0.009375
0 0.46171875 0.821875 0.00625 0.00625
1 0.6046875 0.4375 0.1234375 0.290625
1 0.5234375 0.5828125 0.040625 0.321875
1 0.45078125 0.69375 0.034375 0.096875