1 0.50234375 0.76171875 0.140625 0.2453125
0 0.51796875 0.696875 0.009375 0.0125
0 0.51796875 0.44765625 0.05625 0.38125
0 0.51953125 0.653125 0.0109375 0.015625
0 0.54453125 0.178125 0.0078125 0.009375
0 0.5453125 0.19296875 0.0078125 0.0109375
0 0.50859375 0.07734375 0.00625 0.009375
0 0.4875 0.09375 0.0046875 0.009375
0 0.509375 0.09140625 0.00625 0.0078125
0 0.48828125 0.10703125 0.0046875 0.0125
0 0.50859375 0.10625 0.00625 0.009375
0 0.5078125 0.1203125 0.00625 0.009375
0 0.5078125 0.134375 0.00625 0.0109375
0 0.5078125 0.1484375 0.0078125 0.0109375
0 0.5078125 0.1625 0.0078125 0.0109375
0 0.5078125 0.178125 0.0078125 0.0078125
0 0.52421875 0.1625 0.00625 0.009375
1 0.4671875 0.3453125 0.0671875 0.1734375
1 0.478125 0.5375 0.0421875 0.2015625
1 0.55546875 0.27109375 0.034375 0.025