0 0.51328125 0.55234375 0.04296875 0.3796875
0 0.53984375 0.82265625 0.0046875 0.01015625
0 0.53984375 0.8078125 0.00625 0.01015625
0 0.50078125 0.9234375 0.0046875 0.0078125
0 0.5015625 0.909375 0.00546875 0.0078125
0 0.5015625 0.8953125 0.00546875 0.01015625
0 0.48046875 0.90625 0.00390625 0.0078125
0 0.48046875 0.89296875 0.00390625 0.00703125
0 0.5015625 0.88125 0.0046875 0.009375
0 0.48046875 0.87890625 0.00390625 0.0078125
0 0.5015625 0.86640625 0.00546875 0.009375
0 0.5015625 0.8515625 0.00546875 0.0109375
0 0.50078125 0.83671875 0.00703125 0.01015625
0 0.5015625 0.82265625 0.0046875 0.01015625
0 0.51796875 0.83828125 0.0046875 0.0078125
0 0.5015625 0.80703125 0.003125 0.01171875
1 0.45859375 0.70234375 0.07265625 0.08671875
1 0.553125 0.721875 0.0390625 0.0421875
1 0.50625 0.246875 0.08984375 0.23125
1 0.55078125 0.496875 0.0328125 0.17578125
1 0.4734375 0.52265625 0.03515625 0.24453125