1 0.52890625 0.709375 0.115625 0.3328125
0 0.5296875 0.64609375 0.0140625 0.034375
0 0.51328125 0.41875 0.0671875 0.3234375
0 0.51640625 0.17578125 0.00625 0.009375
0 0.51640625 0.190625 0.00625 0.0109375
0 0.4953125 0.16171875 0.00625 0.009375
0 0.49609375 0.17578125 0.00625 0.009375
0 0.471875 0.078125 0.00625 0.0078125
0 0.47265625 0.09140625 0.00625 0.009375
0 0.47421875 0.10625 0.00625 0.009375
0 0.4765625 0.1203125 0.00625 0.0109375
0 0.47578125 0.13515625 0.00625 0.0109375
0 0.478125 0.15 0.0078125 0.0125
0 0.478125 0.16484375 0.009375 0.0125
0 0.47890625 0.17890625 0.0078125 0.0125
0 0.4796875 0.19296875 0.00625 0.0078125
0 0.453125 0.096875 0.0046875 0.009375
0 0.45234375 0.11015625 0.0046875 0.009375
0 0.45390625 0.12265625 0.00625 0.0125
0 0.45703125 0.16796875 0.0078125 0.009375
0 0.45703125 0.18125 0.00625 0.0078125
0 0.45625 0.153125 0.00625 0.0078125
1 0.40625 0.596875 0.1484375 0.2171875
1 0.46953125 0.40078125 0.0640625 0.2890625
1 0.53671875 0.3 0.0484375 0.096875