0 0.54140625 0.08203125 0.0046875 0.0109375
0 0.5203125 0.07890625 0.0046875 0.0078125
0 0.51953125 0.0921875 0.00625 0.009375
0 0.51875 0.10546875 0.00625 0.0078125
0 0.53828125 0.1234375 0.0046875 0.0078125
0 0.51796875 0.12109375 0.0078125 0.009375
0 0.51796875 0.134375 0.00625 0.0125
0 0.5171875 0.14921875 0.0078125 0.0109375
0 0.51640625 0.16328125 0.0078125 0.0109375
0 0.53671875 0.16796875 0.0046875 0.009375
0 0.51640625 0.17890625 0.0078125 0.0109375
0 0.5 0.146875 0.0078125 0.0109375
0 0.5 0.16171875 0.00625 0.0078125
0 0.49921875 0.17734375 0.00625 0.009375
0 0.478125 0.1765625 0.00625 0.0078125
0 0.47734375 0.190625 0.00625 0.009375
0 0.51484375 0.19296875 0.00625 0.0109375
0 0.540625 0.09609375 0.0046875 0.0078125
0 0.540625 0.109375 0.0046875 0.0078125
0 0.478125 0.16015625 0.00625 0.009375
0 0.490625 0.4078125 0.0625 0.303125
1 0.4828125 0.71484375 0.1203125 0.315625
1 0.5828125 0.66875 0.1015625 0.2578125
1 0.54375 0.28125 0.0515625 0.0515625
1 0.45703125 0.30078125 0.0359375 0.0953125
0 0.50390625 0.1046875 0.0078125 0.00625
1 0.521875 0.51484375 0.03125 0.0875
1 0.4515625 0.51796875 0.03125 0.08125