1 0.525 0.2390625 0.153125 0.2515625
0 0.53515625 0.3046875 0.0109375 0.0125
0 0.51328125 0.553125 0.0765625 0.3828125
0 0.5328125 0.3484375 0.0125 0.015625
0 0.51640625 0.82421875 0.0078125 0.009375
0 0.51796875 0.81015625 0.0078125 0.0109375
0 0.471875 0.921875 0.00625 0.009375
0 0.45234375 0.90390625 0.0046875 0.009375
0 0.47421875 0.9078125 0.00625 0.0078125
0 0.45390625 0.890625 0.0046875 0.0125
0 0.47421875 0.89296875 0.00625 0.009375
0 0.475 0.87890625 0.00625 0.009375
0 0.47578125 0.86484375 0.00625 0.0109375
0 0.47734375 0.85078125 0.0078125 0.0109375
0 0.478125 0.83671875 0.0078125 0.0109375
0 0.4796875 0.82109375 0.0078125 0.0078125
0 0.49453125 0.83828125 0.00625 0.009375
1 0.45390625 0.65078125 0.0765625 0.1765625
1 0.48125 0.4609375 0.053125 0.203125
1 0.53515625 0.7328125 0.0359375 0.0265625